# seed: 49036181
85
62 26
77 65 70
63 50 9 81
16 59 9 49 48
78 37 52 68 18 80
73 16 15 7 54 98 17
10 87 27 16 84 74 81 57
38 54 30 98 22 24 84 99 45
24 73 41 14 1 34 41 37 87 19
50 21 9 7 33 35 9 51 1 41 28
80 47 86 80 19 53 86 76 12 15 14 46
6 67 11 36 46 96 13 62 11 14 60 77 59
82 38 76 37 61 87 27 59 48 34 84 6 94 85
75 16 14 92 71 58 29 3 87 84 84 78 8 75 91
83 88 10 41 56 12 92 63 70 7 33 12 98 26 11 3
94 44 38 57 75 95 1 64 66 22 88 25 30 14 23 9 15
84 55 5 17 89 4 11 71 49 71 30 5 29 99 11 49 48 88
12 27 1 91 78 29 79 93 94 7 32 75 76 31 32 23 2 20 34
33 77 13 7 37 95 85 19 77 18 66 85 6 2 52 83 17 72 16 20
52 23 26 70 11 28 67 96 21 78 39 48 12 17 32 67 82 10 33 74 20
37 34 57 93 15 29 87 45 91 33 89 69 89 63 3 67 73 96 57 82 38 25
39 75 27 53 77 91 32 88 50 34 94 57 20 81 0 44 14 9 97 2 72 59 55
54 36 4 7 89 98 2 93 89 75 48 35 8 83 83 28 40 45 63 14 50 96 90 61
28 27 12 84 63 35 63 98 91 93 25 82 34 11 84 32 37 59 94 37 67 23 75 3 91
21 81 77 25 39 27 61 40 56 73 98 51 45 84 94 34 10 14 34 44 73 33 38 23 25 85
17 80 56 91 76 6 3 13 75 50 8 17 60 57 23 95 61 90 78 59 2 22 38 63 12 18 70
93 77 13 47 37 63 7 79 91 60 69 79 16 20 2 36 20 19 60 9 99 35 89 71 72 23 9 23
80 26 53 64 43 97 17 70 2 67 15 15 34 63 60 77 33 41 45 1 39 90 71 94 50 54 75 79 55
28 74 79 45 45 44 43 32 83 28 61 41 17 72 84 17 51 7 20 68 24 6 69 67 96 43 81 61 49 25
62 43 38 80 95 71 5 40 21 28 30 30 26 37 69 55 14 67 47 6 70 93 70 85 60 7 38 60 60 7 15
22 8 64 60 0 30 28 79 96 80 86 15 15 95 1 84 91 22 73 13 9 57 4 7 31 88 52 27 10 85 44 66
82 82 88 19 34 50 34 97 20 40 67 98 71 89 79 64 81 10 91 37 36 38 29 96 87 63 78 68 48 44 72 33 42
79 81 14 63 49 88 28 77 23 47 18 65 32 71 18 0 45 0 13 46 32 73 83 85 60 36 52 24 75 63 24 13 31 56
58 9 52 30 81 22 79 73 60 31 55 11 90 24 0 2 46 97 69 11 50 58 87 88 36 89 77 85 47 4 39 60 82 21 71
88 34 56 23 90 79 4 4 92 41 94 69 2 26 99 75 38 99 9 17 59 32 78 33 67 97 58 42 66 99 46 81 15 13 54 31
86 31 91 77 15 57 1 19 63 17 69 27 52 8 87 49 48 30 25 12 43 96 67 72 90 68 70 8 89 40 16 16 16 81 49 19 31
7 50 82 51 58 71 88 93 95 35 63 17 89 36 82 27 83 28 41 19 2 20 10 84 61 95 12 49 97 67 97 36 96 8 59 46 2 58
8 19 62 90 28 59 63 64 74 90 58 0 14 70 61 51 60 83 26 82 30 89 86 23 41 86 30 87 60 2 36 56 65 35 11 35 55 61 72
37 78 60 21 44 18 47 56 29 1 98 37 42 7 23 5 42 97 25 59 32 92 73 61 97 64 70 76 82 80 60 89 23 48 2 68 55 33 46 55
24 91 77 73 42 65 92 21 40 54 81 21 70 0 24 4 35 73 91 76 52 67 28 10 18 17 10 43 41 16 34 55 49 44 85 65 74 87 83 99 97
96 71 6 62 2 30 22 21 80 74 82 56 41 84 74 66 80 6 30 91 66 55 36 89 5 64 99 91 45 57 27 80 10 21 88 51 17 40 98 63 80 67
32 66 5 69 46 43 3 80 13 84 71 95 49 90 2 96 94 72 20 78 32 55 74 17 13 78 97 42 45 36 26 90 21 11 71 79 77 76 68 98 16 37 79
55 79 49 54 76 66 94 10 98 74 17 10 46 12 33 46 35 71 86 18 4 61 67 99 61 31 43 12 96 20 49 79 26 45 78 55 92 78 8 78 84 86 93 3
20 0 87 57 4 19 71 8 99 7 68 74 76 54 78 27 36 7 37 82 86 16 52 47 20 36 94 93 1 87 1 93 12 51 97 17 64 25 12 88 1 25 80 91 8
27 31 1 15 26 60 68 60 75 41 79 12 31 93 61 36 50 15 83 44 52 42 79 33 90 25 41 13 94 27 14 56 9 24 45 22 53 86 98 64 3 72 66 69 51 0
97 34 35 68 26 22 55 91 77 41 22 3 88 51 14 24 4 73 22 10 44 3 45 48 74 89 83 16 66 41 12 40 85 19 73 84 58 41 71 50 93 20 88 92 33 35 13
43 24 27 82 41 42 24 4 1 18 36 60 83 61 18 70 72 85 27 29 7 31 93 46 82 99 23 48 60 8 25 79 5 90 5 54 13 11 84 55 61 2 37 53 59 68 51 65
41 78 25 10 69 81 70 35 12 29 18 88 25 76 90 20 21 82 16 17 98 90 91 91 33 96 83 71 13 91 52 9 38 43 94 88 34 47 92 98 63 73 73 85 50 22 45 32 52
45 8 64 92 33 34 58 48 22 67 86 13 58 93 90 95 97 5 45 54 39 47 67 12 74 63 89 55 6 57 3 17 2 84 23 83 98 99 17 19 16 56 49 92 40 75 76 45 90 87
14 33 26 40 54 86 84 65 8 15 56 88 65 84 25 21 45 70 54 4 73 53 52 28 96 68 82 72 39 11 40 12 34 10 55 62 63 77 96 27 25 11 24 82 2 98 95 34 74 31 0
28 36 3 24 12 52 81 36 46 67 57 10 55 78 59 25 77 18 94 93 72 81 16 17 41 82 26 79 81 47 24 74 91 60 56 87 31 5 37 10 52 16 76 53 33 81 34 87 73 47 92 83
81 64 20 72 78 54 73 57 48 92 31 82 93 60 72 65 15 74 99 87 50 83 35 44 10 77 4 70 74 54 27 82 53 76 28 77 74 32 46 45 23 28 50 73 90 95 4 99 81 32 42 53 4
62 19 3 37 10 33 6 64 71 40 47 13 72 16 92 16 25 33 32 23 24 38 87 51 51 63 88 92 94 68 82 51 50 55 50 63 41 78 39 44 58 31 5 65 98 56 76 60 17 95 61 68 79 15
31 34 18 30 96 18 96 75 87 57 15 56 62 56 29 49 60 24 88 38 80 20 62 36 62 54 81 8 20 90 90 97 54 93 74 56 11 24 44 29 47 24 14 57 66 75 63 42 38 14 75 84 13 68 25
52 86 94 7 26 82 40 28 60 76 19 78 49 90 77 91 0 64 99 73 82 18 41 11 19 37 53 36 2 87 50 87 27 44 44 4 11 2 15 98 76 21 40 98 10 8 71 68 1 24 2 33 92 38 58 32
67 53 17 95 38 34 61 15 51 88 77 69 51 16 86 19 24 77 80 61 10 41 59 9 88 36 57 39 90 15 73 39 14 58 39 81 4 67 67 33 18 85 44 80 49 36 46 68 74 75 3 29 46 34 28 78 17
4 32 97 61 20 3 91 3 23 41 52 66 68 73 67 26 8 8 55 89 67 71 76 64 69 30 13 13 46 11 32 48 51 35 41 84 1 48 68 88 1 33 25 19 19 62 62 89 89 47 40 80 4 92 8 28 29 0
93 39 93 44 86 73 71 35 45 63 23 59 44 43 44 37 37 76 92 15 92 88 72 45 57 45 47 71 55 64 76 20 85 85 55 18 45 91 62 11 15 31 93 57 36 29 76 99 82 55 5 60 33 67 8 72 28 36 73
93 70 85 49 96 29 78 97 82 29 36 17 91 61 23 35 38 38 78 80 50 74 84 24 4 16 70 67 73 71 42 44 85 97 79 1 44 89 79 38 20 5 26 31 39 5 44 45 1 2 90 25 11 99 78 64 48 98 85 71
5 16 78 34 73 59 50 65 54 5 51 46 31 81 7 66 35 70 69 0 7 96 45 43 60 63 9 21 80 26 60 65 43 81 13 55 13 84 54 79 75 57 66 74 68 54 9 76 39 55 6 91 91 42 71 78 30 16 5 72 47
65 95 8 27 41 78 81 35 98 75 63 32 49 9 21 87 4 9 6 52 94 16 62 79 67 40 66 18 32 67 56 58 83 94 22 57 39 14 34 45 34 65 47 56 33 11 91 19 90 55 96 24 42 90 34 44 53 60 14 39 13 19
17 77 67 44 53 33 1 4 65 92 26 27 17 67 65 37 80 73 81 83 41 1 42 33 70 29 48 46 23 25 93 40 32 75 49 19 14 40 82 92 47 95 78 51 62 1 9 50 41 77 48 17 87 46 96 40 22 52 65 96 1 20 31
78 84 97 98 77 97 76 70 31 63 83 89 7 22 2 53 42 89 70 44 45 0 47 35 59 42 10 47 80 72 97 78 42 1 15 33 19 13 95 33 20 97 92 76 29 0 58 78 26 52 41 28 79 49 17 55 79 7 54 91 96 84 82 12
3 15 56 3 29 59 12 7 92 45 85 46 51 86 90 58 94 35 98 37 50 54 50 60 79 4 90 37 38 96 9 76 17 47 29 36 55 8 47 87 46 4 19 20 54 10 97 50 48 80 40 26 92 78 68 10 64 41 87 8 79 37 64 42 77
8 98 47 53 21 72 55 66 81 42 97 58 93 47 43 94 73 20 56 87 62 70 33 65 71 40 89 63 71 85 77 87 26 30 25 51 93 91 6 89 0 33 26 11 67 36 91 56 2 54 30 60 46 0 33 15 72 75 19 70 93 75 99 85 54 82
25 37 67 85 28 18 21 17 23 29 75 28 79 41 34 61 49 60 66 30 74 41 59 61 47 28 89 79 99 13 26 49 96 63 74 85 65 25 93 37 23 48 62 63 56 49 64 14 65 49 62 76 52 47 53 57 64 9 65 35 37 7 16 77 1 12 47
62 77 91 79 91 18 16 93 62 96 73 87 72 81 56 97 58 95 42 56 28 6 68 98 29 1 22 88 7 81 2 74 86 65 68 27 69 45 36 41 83 97 28 72 56 21 81 36 81 99 21 70 2 71 67 96 27 15 78 44 54 7 91 94 61 7 87 98
75 68 26 85 44 89 99 13 30 46 12 99 68 48 44 94 10 41 40 94 59 35 44 30 76 88 17 13 77 72 4 83 42 66 44 51 12 82 97 13 98 28 41 58 99 14 8 25 9 28 37 5 28 85 99 65 46 47 46 53 87 12 24 94 10 59 16 25 51
38 34 56 83 74 47 69 18 89 16 93 23 13 32 46 27 85 16 50 91 69 47 3 60 99 62 99 75 61 60 61 57 67 79 59 10 4 32 43 45 62 9 89 55 59 78 70 78 7 30 88 73 17 36 82 83 73 42 7 92 25 5 95 11 55 47 17 14 56 58
53 84 7 18 25 82 83 99 52 30 92 89 27 41 0 81 88 20 63 29 57 46 9 87 85 75 4 50 74 20 7 7 35 68 21 44 58 64 81 23 47 32 74 74 3 26 94 94 7 55 71 50 65 80 29 2 69 39 25 17 78 72 80 77 9 79 1 66 71 88 84
98 50 95 26 8 45 46 74 23 16 88 46 90 28 91 0 6 80 86 78 76 86 14 48 57 66 59 21 0 80 79 92 52 66 63 76 39 75 66 28 35 43 31 53 40 16 79 43 83 10 32 14 58 25 1 38 91 19 3 38 67 53 37 62 41 94 48 72 4 68 73 37
44 15 33 82 12 28 8 85 36 43 5 83 15 23 62 35 63 48 79 45 94 91 53 66 76 40 78 71 15 25 32 53 28 74 81 67 11 57 49 3 7 26 82 56 55 93 0 18 77 41 47 68 70 33 44 83 59 34 74 39 35 40 87 75 13 26 2 38 64 93 3 21 70
73 77 53 39 66 44 5 57 57 92 9 46 16 58 53 84 82 10 21 84 72 69 60 65 0 78 17 68 95 65 58 63 46 40 70 59 62 82 4 43 46 56 94 98 62 22 82 41 77 84 66 7 41 7 27 21 56 29 74 34 51 28 58 68 9 38 51 58 93 49 80 51 38 57
37 15 25 41 59 52 34 51 24 39 4 57 68 13 41 57 59 11 9 16 54 54 48 63 75 48 36 2 92 88 82 18 8 44 52 39 51 6 40 79 5 44 99 15 29 97 44 99 54 58 42 64 85 13 13 75 24 61 70 33 89 24 21 55 53 98 64 11 23 15 66 64 47 75 57
64 43 13 13 0 37 15 81 73 9 86 13 54 89 50 11 93 55 73 97 92 95 32 99 14 22 75 29 51 8 31 87 40 17 97 44 99 27 71 43 19 63 74 72 5 27 27 72 35 1 28 4 98 45 42 31 67 9 2 25 46 14 69 43 53 85 97 57 60 3 93 22 25 25 56 30
18 16 83 68 71 84 53 71 79 93 61 88 96 67 20 21 67 27 64 48 1 87 1 95 95 71 65 20 45 35 51 19 19 85 78 39 60 7 45 42 25 26 24 40 19 66 28 3 73 21 96 6 4 60 16 36 84 78 96 40 12 80 31 66 91 14 89 29 43 43 74 25 79 75 24 29 96
70 4 29 0 30 10 69 0 83 24 42 48 83 14 35 1 29 99 0 82 7 71 79 76 39 68 55 45 66 76 66 76 96 11 76 28 1 97 90 11 77 43 33 53 52 57 47 42 17 5 5 24 8 56 72 90 67 73 17 23 22 60 95 83 88 68 87 89 74 34 88 9 26 38 35 33 16 92
67 3 13 7 32 2 25 33 96 70 29 40 35 45 39 41 81 57 41 36 92 68 12 12 52 59 1 13 38 35 11 16 36 98 64 2 35 26 99 37 60 0 6 9 25 20 41 47 95 45 3 28 5 35 53 36 84 81 22 60 15 27 33 91 95 68 55 94 88 54 24 17 22 19 93 55 42 78 80
84 85 99 23 98 27 36 80 65 58 55 82 47 18 45 66 32 17 80 49 16 24 25 81 88 29 68 44 40 27 53 12 78 56 5 17 47 30 98 41 59 14 48 77 2 99 45 18 60 98 76 55 6 23 27 7 11 14 18 71 18 29 84 53 69 7 81 48 39 54 49 52 39 38 85 10 85 61 32 5
94 84 41 44 28 20 92 80 9 99 15 3 62 9 7 23 40 42 12 61 17 70 61 4 40 24 78 70 24 77 9 19 87 49 91 85 52 96 68 97 78 14 85 87 28 54 42 74 35 9 85 83 63 71 43 79 74 35 62 68 18 43 55 0 98 8 45 2 29 51 24 7 55 30 64 60 36 58 90 50 63
69 81 31 36 77 9 88 46 67 86 97 17 39 8 12 31 53 4 98 15 65 14 92 43 76 1 14 62 3 89 71 11 77 12 84 7 4 17 83 71 97 13 52 55 93 43 83 83 81 36 21 5 70 92 62 66 58 20 20 82 6 81 17 3 29 5 19 74 8 58 52 54 88 68 26 30 84 41 37 13 22 80
36 65 37 49 79 89 91 1 7 28 2 85 76 60 85 90 91 27 48 68 67 14 48 99 14 28 17 8 22 98 95 13 27 97 56 53 13 44 83 83 98 36 50 81 96 46 38 28 61 84 21 59 64 12 13 42 1 78 68 2 83 81 73 18 69 42 33 61 15 85 43 87 41 77 29 53 2 71 63 10 36 87 51
60 12 99 4 84 43 80 61 74 78 43 2 32 91 48 40 15 76 55 26 48 17 77 0 86 48 97 37 74 65 21 17 17 73 39 60 46 34 94 59 96 40 74 81 31 28 7 67 93 66 11 16 31 22 38 55 78 67 80 50 52 12 30 33 24 0 77 77 63 89 56 52 56 1 21 22 7 89 91 40 77 24 35 89
96 31 41 6 59 40 15 16 46 68 54 61 8 81 12 0 16 34 6 42 10 74 13 5 75 61 84 36 1 17 91 14 90 1 91 16 16 97 78 66 62 1 89 34 69 4 21 0 25 69 99 77 78 21 52 27 76 13 78 59 24 83 17 38 19 87 54 62 28 15 26 89 88 36 94 96 67 38 99 53 54 11 21 99 41
92 94 71 57 4 93 73 90 37 12 53 64 10 35 40 70 27 22 3 34 29 75 22 38 25 82 20 2 72 82 62 25 65 58 22 39 35 84 89 96 19 65 96 32 22 86 50 95 91 31 35 49 63 79 94 98 86 7 19 25 47 28 48 92 38 40 70 38 1 17 60 4 56 26 46 29 97 39 88 72 17 52 70 20 58 33
58 52 50 81 44 93 77 73 71 21 61 89 1 94 99 18 87 88 66 67 39 28 2 25 93 90 95 1 57 25 32 38 87 75 79 53 39 64 17 2 47 37 4 84 7 14 61 60 11 27 16 86 27 88 39 30 66 92 91 39 57 93 74 31 76 99 78 94 6 55 88 87 6 78 49 85 66 90 18 4 3 9 82 2 19 6 88
21 3 14 43 1 5 0 43 94 51 72 4 80 71 33 29 84 50 81 86 41 28 4 38 92 9 46 64 88 10 26 54 21 32 84 73 24 58 73 4 52 34 34 99 20 89 95 85 37 32 83 49 91 96 62 30 1 38 66 98 6 88 19 17 3 16 26 44 67 91 53 0 5 6 1 29 5 57 65 35 62 44 51 60 12 58 93 74
23 2 90 76 20 86 78 88 20 28 72 95 34 60 24 64 13 59 66 92 92 13 34 76 47 10 25 50 79 91 92 77 25 93 76 54 13 99 55 28 70 72 47 64 46 45 89 11 91 85 16 94 12 83 35 31 19 77 89 86 89 90 96 7 85 34 6 84 85 11 17 4 38 80 33 26 6 86 45 23 25 75 18 78 13 38 80 21 40
42 63 50 41 27 61 38 46 39 35 27 97 90 25 68 80 64 28 96 63 12 7 56 2 46 14 31 68 75 88 50 52 13 60 49 75 42 90 27 67 10 27 25 68 21 87 82 24 87 39 36 24 10 40 11 93 26 36 95 45 25 56 17 25 26 22 27 36 60 56 68 70 12 62 31 86 71 66 51 66 46 86 5 73 81 68 8 64 19 26
93 2 72 35 90 33 52 23 28 19 84 43 69 85 88 29 85 44 0 23 2 41 5 30 51 67 35 7 66 37 76 37 76 73 60 63 42 97 77 94 95 65 15 86 29 69 96 86 83 33 41 50 32 43 12 37 22 54 46 80 17 77 51 42 34 34 58 50 73 1 47 15 26 17 15 58 85 39 38 59 74 66 72 10 56 87 62 29 62 20 70
4 10 32 10 40 6 24 49 76 18 65 59 94 4 39 70 15 37 93 47 59 20 50 80 64 99 52 29 57 55 43 69 90 29 42 21 15 24 35 5 43 57 13 48 91 57 4 15 4 24 0 98 82 2 42 42 79 60 31 7 77 29 47 33 27 25 7 6 75 12 40 11 72 20 73 32 95 25 23 7 98 14 68 1 84 37 8 56 97 17 5 28
93 20 95 21 51 75 75 63 28 50 34 81 26 64 49 1 41 56 49 48 21 72 48 14 81 75 7 52 35 42 68 66 41 32 35 17 57 62 90 14 7 98 81 37 67 75 96 56 20 70 37 24 48 37 86 66 86 38 44 37 92 84 29 79 53 25 48 58 30 63 4 57 18 48 50 67 84 73 40 61 54 87 67 35 16 50 37 69 18 0 22 68 26
75 40 1 66 99 33 63 50 69 48 0 11 72 81 33 65 1 43 67 86 52 20 75 44 83 28 15 76 91 34 75 54 74 57 2 43 26 2 96 65 17 24 65 53 98 72 89 41 68 3 76 53 79 75 86 13 47 57 91 70 41 14 1 63 45 43 98 3 18 16 86 14 98 6 50 68 42 14 86 61 66 22 54 69 29 57 43 19 71 22 94 0 12 85
90 43 1 44 55 69 75 19 55 81 65 7 16 0 12 68 69 8 53 85 10 40 54 53 3 14 74 64 64 72 14 8 59 91 50 43 55 46 10 17 34 72 1 55 43 81 72 76 85 23 56 72 3 89 46 23 52 97 80 3 1 55 89 70 83 82 39 15 87 7 13 20 16 77 63 87 59 76 14 42 70 90 33 79 63 56 94 56 20 21 30 31 65 54 24
48 6 50 9 46 87 77 1 56 98 28 11 5 27 24 58 84 12 73 12 10 60 85 4 31 27 53 8 44 59 96 38 97 40 44 15 86 95 34 46 60 85 23 24 93 64 72 52 56 24 51 98 45 19 48 1 5 47 23 93 46 44 28 61 37 86 15 74 44 38 76 77 88 89 36 58 53 66 94 53 82 92 80 83 75 44 33 10 45 26 84 30 29 24 8 64
81 19 36 97 60 45 74 44 1 76 71 90 56 13 49 99 85 11 38 38 98 83 57 77 79 87 99 87 33 83 52 82 96 11 31 61 10 68 8 29 70 60 42 32 34 41 86 71 1 62 35 67 0 91 50 39 60 70 78 66 69 32 82 25 23 43 96 77 86 63 42 66 60 56 19 51 74 21 83 45 99 99 80 88 99 61 10 5 28 88 30 62 87 8 76 32 21
50 90 94 20 42 37 81 82 72 98 20 94 26 26 86 2 77 56 50 97 33 24 57 97 12 22 21 1 83 28 35 14 96 9 20 36 28 23 20 64 93 52 98 92 52 78 68 83 12 88 71 27 19 77 69 37 98 67 39 12 73 96 34 75 41 67 18 21 82 94 61 11 46 9 97 65 63 50 9 21 25 36 83 41 70 51 0 92 31 49 29 77 66 67 49 95 90 38
16 65 36 45 58 14 79 89 51 37 58 93 59 17 86 71 89 43 44 43 5 65 42 28 11 34 89 17 0 15 22 91 51 26 90 28 61 58 40 27 93 40 55 36 68 13 2 86 70 25 79 42 78 72 71 55 72 84 55 75 23 74 5 57 27 90 71 23 28 74 58 80 98 78 36 28 58 8 58 21 61 31 16 95 89 90 46 86 8 59 36 35 94 61 4 5 31 11 64
87 25 42 36 80 92 91 25 98 7 87 48 47 91 37 6 82 24 78 84 83 36 7 76 35 1 14 62 3 99 66 41 14 35 99 70 94 99 35 80 72 57 44 11 97 52 94 51 11 70 12 40 44 28 15 78 21 68 48 23 58 96 79 10 94 30 76 85 79 88 30 87 28 34 75 99 59 14 20 5 54 35 57 66 21 15 93 24 75 35 32 39 87 30 30 79 86 9 6 59